%YAML:1.0
---
calibration_time: "Fr 13 Jul 2018 15:34:07 CEST"
nr_of_frames: 60
image_width: 1280
image_height: 960
board_width: 9
board_height: 6
square_size: 2.5000000372529030e-02
fix_aspect_ratio: 1.
# flags: +fix_skew +recompute_extrinsic
flags: 10
fisheye_model: 1
camera_matrix: !!opencv-matrix
   rows: 3
   cols: 3
   dt: d
   data: [ 6.1756156954277674e+02, 0., 6.2662107900048147e+02, 0.,
       5.7939155095701005e+02, 4.8370221759736495e+02, 0., 0., 1. ]
distortion_coefficients: !!opencv-matrix
   rows: 4
   cols: 1
   dt: d
   data: [ -6.5172430382578597e-02, 8.6540835236454741e-02,
       -1.0326701468465675e-01, 3.8890994986289035e-02 ]
avg_reprojection_error: 3.3406894847119344e+02
per_view_reprojection_errors: !!opencv-matrix
   rows: 10
   cols: 1
   dt: f
   data: [ 9.48872604e+01, 5.25923424e+01, 9.66966400e+01,
       1.00599693e+02, 1.03208076e+02, 2.05297516e+02, 5.19400635e+01,
       5.74820557e+02, 7.57752502e+02, 3.53095337e+02 ]
# a set of 6-tuples (rotation vector + translation vector) for each view
extrinsic_parameters: !!opencv-matrix
   rows: 60
   cols: 6
   dt: d
   data: [ -8.7897057592773359e-02, -1.1394053079073287e-01,
       3.0975123500982757e+00, 8.5788065414948045e-02,
       5.5241813686968660e-03, 1.7192356290284547e-01,
       -4.6888766749239620e-03, -3.8343153060368024e-01,
       3.0108653848157356e+00, 1.4553877054654454e-01,
       7.9448487454946468e-02, 3.1631982363787431e-01,
       1.0707876383499490e-01, -1.0921043115523105e-01,
       3.0190061416819445e+00, 1.2226418469258711e-01,
       8.5255155426866902e-02, 1.3877609670974861e-01,
       9.3436003494266409e-02, -9.1775807405220344e-02,
       3.0221712012102966e+00, 1.2155558124213170e-01,
       8.4256199942224955e-02, 1.3048910912793685e-01,
       4.1434550465938852e-01, -9.1723458595754148e-02,
       3.0717642255775521e+00, 1.6847550413414819e-01,
       1.1190161494405214e-01, 1.4324553712737262e-01,
       -1.2925017478699377e+00, 2.1162870527447097e-01,
       -2.9542397549452173e+00, 2.2272295842553314e-01,
       8.4479793449730736e-02, 2.4967803982473318e-02,
       -4.1589931257058545e-02, -4.4361368201809000e-03,
       5.7017404689439596e-02, -7.0511847379943982e-02,
       -1.6531636107651307e-01, 3.8794856638620767e-01,
       -1.0232167247153963e+05, 1.6189499108647015e+04,
       -7.5202567757551806e+04, 7.3657152037572785e+04,
       3.1145158287773040e+04, 7.0513860831352707e+04,
       -1.0497418486541729e+05, 2.4311739352401669e+05,
       6.6737864941180998e+05, 2.1050174506026602e+05,
       6.0882544736333148e+04, 1.6019869448252840e+05,
       2.3247198936327496e-01, 2.6233874233461235e-01,
       9.3728831762563150e-02, -8.1832685534612426e-02,
       -9.8263394331430762e-02, 8.6218104808560431e-02,
       3.3274232848900737e-01, 4.0377804638298632e-02,
       4.3888968633958567e-02, -1.3302983595536763e-01,
       -9.6553364151843624e-02, 5.7999427137627506e-02,
       3.7838609744725671e-01, -1.5081676731675719e-02,
       -2.2126388447869072e-02, -1.3365235911129536e-01,
       -9.1241932554523356e-02, 4.1070280003254252e-02,
       3.3203472552325680e-01, -8.2197274815918930e-02,
       -1.6354939193324463e-02, -1.4001120515777207e-01,
       -7.6394325294404597e-02, 3.8827326954956540e-02,
       1.2824506022657458e+07, 1.3299674937261224e+06,
       -1.0217602543295929e+07, -3.7407403273626458e+05,
       -4.5074552581082250e+05, 4.4182523293626995e+05,
       3.0937121614313312e-01, -1.5899044296733505e-01,
       3.0583935092978534e+00, 1.4515184400759254e-01,
       2.3100580679514374e-02, 3.8932821140693338e-02,
       1.4426090565201091e-01, -8.0578824814370995e-02,
       3.0555882856146868e+00, 1.1374038784947385e-01,
       3.8734639238475622e-02, 5.2311682817696818e-02,
       -1.2722252686172486e-01, -6.5490968189900647e-02,
       3.0800965298972356e+00, 8.6908874157338903e-02,
       4.9807848293997002e-02, 6.6976561472764221e-02,
       -2.0102757310380950e-01, -7.3731876894368845e-02,
       3.0816933541324483e+00, 8.4999259872877125e-02,
       5.2989667629282776e-02, 6.9962149365527859e-02,
       -2.8407713877154467e-01, -9.4249109132291661e-02,
       3.0705167570790137e+00, 8.2600930463054861e-02,
       5.2730879528615437e-02, 7.5089717405255774e-02,
       -7.4917582022711307e-03, -9.5508945364970857e-02,
       3.1036095632780265e+00, 9.6243494393452769e-02,
       5.5506451079753175e-02, 5.8504566408220902e-02,
       2.3879809762949444e-01, -8.1812682292185329e-02,
       3.0877074730118608e+00, 1.1725860879410345e-01,
       5.2594327281164914e-02, 4.0992035846627542e-02,
       1.2648511957616866e+08, -1.1689364646488099e+08,
       1.9720079331786972e+07, 6.8286263579633310e+07,
       -4.3431880260870690e+06, 2.9933525025374640e+07,
       4.7915414449675351e+04, -1.7831529384868697e+05,
       2.7129576038268686e+04, 4.3312066546842725e+03,
       1.2449109068384996e+04, -7.0511995588615573e+03,
       3.2483953722242243e-01, 3.1291616071581940e-01,
       -6.2867916477482730e-02, -5.9738383120876364e-02,
       -8.2490972278273456e-02, 8.0772976131842464e-02,
       -3.8043410887820189e-01, -2.3159481480215269e-01,
       1.6539609480557679e-01, -1.2928540966513483e-01,
       -9.6318271744822812e-02, 2.1512450412254475e-01,
       6.2407743410328766e-02, 5.3492812739537920e-01,
       -3.0622706306834613e+00, 1.0814342506577078e-01,
       6.2379308419173204e-02, 8.8816475326121927e-02,
       3.3802316552428581e-02, 5.3465620484449927e-01,
       -3.0861102808219436e+00, 1.1459263768398271e-01,
       6.1615638892269280e-02, 8.6960536953953574e-02,
       3.2688615099885493e-02, 5.4492360607858903e-01,
       -3.0850447782459112e+00, 1.1438243429459087e-01,
       6.0859981892865782e-02, 8.6546141150249903e-02,
       7.4857742350709022e-02, 5.6284258167850998e-01,
       -3.0861580082263975e+00, 1.0339700283126357e-01,
       5.8370319635932970e-02, 8.7185043438927773e-02,
       -7.6207287230560125e-02, -5.6984874274265440e-01,
       3.0798243408213501e+00, 1.0289433976664110e-01,
       5.9896617323509815e-02, 8.6106078860516022e-02,
       -6.9057949139436067e-02, -5.8009233897285195e-01,
       3.0695020842320813e+00, 1.0488406960140566e-01,
       5.9949667987115429e-02, 8.5479428289711945e-02,
       -5.2670149414395059e-02, -5.8385045218214437e-01,
       3.0667250825968382e+00, 1.0693205145103270e-01,
       5.9482225348549224e-02, 8.4296671696719852e-02,
       5.1056009946474828e-02, -4.3688615904071554e-01,
       3.0771699578226679e+00, 1.2753628030662142e-01,
       4.6669598933231499e-02, 8.0980107733367113e-02,
       1.6604605547507065e-01, 4.4814354543224397e-02,
       -7.0019531634710183e-02, -6.6734529631652509e-02,
       -8.8099409724299874e-02, 5.6013681302415540e-02,
       -1.6727551144688871e-01, 2.8786041072493013e-01,
       -3.1027334550206298e+00, 1.4183552352387691e-01,
       5.2879098385834794e-02, 4.8966572981080300e-02,
       -1.6609013478881715e-01, 3.2199754975650824e-01,
       -3.1170914021970897e+00, 1.4097061607267267e-01,
       5.1756585797207724e-02, 4.8049662164499490e-02,
       7.0282286873976607e+06, 7.8593522961245347e+06,
       -1.7929033258430939e+07, -4.4414042623724855e+07,
       -1.6695374211213339e+07, -1.1469285766150227e+07,
       1.7542741634998651e-01, 2.6899242090937248e-02,
       -5.8539849812539742e-02, -7.4259721760959074e-02,
       -6.6460298741771284e-02, 4.1931724499869809e-02,
       1.9572560540596723e-01, -1.0375814248383920e-02,
       -6.8377568570990865e-02, -9.1186004154586872e-02,
       -6.4358431339421346e-02, 3.3248619500314630e-02,
       1.8952119764025169e-01, -3.9332876328375101e-02,
       -5.7921271069624303e-02, -1.0112728893086159e-01,
       -6.2691846146478977e-02, 2.7185852745647058e-02,
       1.8352495916789108e-01, -5.9839609415188330e-02,
       1.3053439007356113e-01, -8.8627848539310439e-02,
       -7.9849662498251817e-02, 2.6309353809541778e-02,
