%YAML:1.0
---
calibration_time: "Fr 19 Mai 2017 16:08:18 CEST"
nr_of_frames: 10
image_width: 640
image_height: 480
board_width: 9
board_height: 6
square_size: 2.4499999359250069e-02
fix_aspect_ratio: 1.
# flags: +fix_aspectRatio
flags: 2
fisheye_model: 0
camera_matrix: !!opencv-matrix
   rows: 3
   cols: 3
   dt: d
   data: [ 1.4629512861901884e+02, 0., 3.1211129053248095e+02, 0.,
       1.4629512861901884e+02, 2.4519322978040151e+02, 0., 0., 1. ]
distortion_coefficients: !!opencv-matrix
   rows: 5
   cols: 1
   dt: d
   data: [ -1.0313582793598473e-02, 7.3218318002379280e-03,
       1.9804429163999388e-03, 2.7738505888134468e-03,
       -3.8248722005242461e-03 ]
avg_reprojection_error: 1.5136336992889199e-01
per_view_reprojection_errors: !!opencv-matrix
   rows: 10
   cols: 1
   dt: f
   data: [ 1.43192679e-01, 1.50741264e-01, 1.55748561e-01,
       1.60481945e-01, 1.20217338e-01, 1.45425901e-01, 1.75233111e-01,
       1.41400725e-01, 1.40819490e-01, 1.72446296e-01 ]
# a set of 6-tuples (rotation vector + translation vector) for each view
extrinsic_parameters: !!opencv-matrix
   rows: 10
   cols: 6
   dt: d
   data: [ -1.0666265554752951e-02, -7.0615950832300517e-02,
       -1.3938144744106659e-01, -1.2500937071029911e-01,
       -6.6584282243895440e-02, 2.3218971588534612e-01,
       1.7895240769438403e-01, -7.6215950440710722e-02,
       -1.4263669148660199e-01, -1.3496102418090605e-01,
       -1.2204530373058063e-01, 1.8693571768908343e-01,
       1.1023609275142505e-01, -2.1489943111610128e-02,
       -1.2772499834863560e-01, -1.4189698897054104e-01,
       -1.1848824331190437e-01, 1.9612582341422449e-01,
       9.5247403522382756e-02, -7.9478421804305074e-03,
       -3.3100802673760511e-02, -1.4314200513464406e-01,
       -5.1661651022046222e-02, 1.9669516692294403e-01,
       1.9072983629867365e-02, -2.0032150890309401e-02,
       -1.7133905736413759e-03, -1.2617599968978907e-01,
       6.3491466804669672e-04, 1.9513079691970017e-01,
       -2.6528235278331973e-02, -2.0023887690908272e-02,
       2.9480696227112975e-02, -1.0925337735772726e-01,
       9.2530855019695435e-03, 1.8993375734969553e-01,
       -2.2449598046943599e-02, -3.2197357307058805e-02,
       3.4316708705707688e-02, -9.8361273166616539e-02,
       -4.8808078704518235e-03, 1.8216982821210015e-01,
       4.0099825164804606e-02, -7.5523869065851471e-02,
       5.1054043326939379e-02, -6.2744053797260918e-02,
       -7.0493277274620930e-02, 1.6904437494909186e-01,
       -7.5972391415069424e-02, -9.8243698898274182e-02,
       -1.2512384886389638e-01, -2.7804987815485765e-01,
       -4.5113335030560753e-03, 2.3966900258014140e-01,
       4.2691727143076555e-03, -1.0298400928265163e-01,
       -1.3489313501076144e-01, -1.5334654622097885e-01,
       -1.5817048679884441e-01, 2.3518989644420579e-01 ]
